$basis
*
ge def2-TZVP
# ge    (17s12p8d1f) / [6s5p4d1f]     {842111/63111/5111/1}
*
   8  s
  466115.00592      0.22487264660E-03
  69875.420762      0.17435426729E-02
  15903.276716      0.90691482206E-02
  4501.8233453      0.36906174685E-01
  1466.0570924      0.12050167907
  527.07841728      0.28748641703
  205.00395074      0.41622321885
  81.251596065      0.22397845695
   4  s
  505.74661282     -0.25184609291E-01
  156.96593744     -0.11898929721
  25.761448176      0.54930135870
  11.106654687      0.52939309129
   2  s
  17.272059104     -0.22854595728
  2.9438289048      0.68377930317
   1  s
  1.2839164916       1.0000000000
   1  s
 0.25873337445       1.0000000000
   1  s
 0.93524913177E-01   1.0000000000
   6  p
  2633.9346241      0.22143925310E-02
  624.00161628      0.18140899141E-01
  200.58528404      0.86632184922E-01
  75.097081525      0.25649020592
  30.214388474      0.42658611262
  12.440087567      0.26200527313
   3  p
  45.981316002     -0.20321767678E-01
  6.9945654416      0.32013744527
  2.9686001327      0.59051014555
   1  p
  1.2320988495       1.0000000000
   1  p
 0.28981614974       1.0000000000
   1  p
 0.85564606447E-01   1.0000000000
   5  d
  119.44887581      0.10586544521E-01
  35.062915293      0.69601280945E-01
  12.636924529      0.22807035287
  4.8888672922      0.40301067220
  1.8453195392      0.41304847015
   1  d
 0.63571158892      0.19639209740
   1  d
 0.35492132000       1.0000000000
   1  d
 0.13155709000       1.0000000000
   1  f
 0.36210645000       1.0000000000
*
$end
